0
16
38
69
103
119
128
118
103
73
39
0
-42
-75
-107
-120
-130
-118
-104
-74
-40
-1
40
72
104
118
128
118
103
73
39
0
-42
-75
-107
-120
-130
-118
-104
-74
-40
-1
40
72
104
118
128
118
103
73
39
0
-41
-74
-106
-120
-130
-118
-104
-74
-40
-1
40
72
104
118
128
118
103
73
39
0
-42
-75
-107
-120
-130
-118
-104
-74
-40
-1
40
72
104
118
128
118
103
73
39
0
-41
-74
-105
-119
-129
-118
-105
-74
-41
-2
40
72
103
117
127
118
103
73
39
0
-42
-75
-107
-120
-130
-120
-106
-75
-41
-1
40
72
104
118
128
118
103
73
39
0
-41
-74
-105
-119
-129
-118
-105
-74
-41
-1
40
72
104
118
128
118
103
73
39
0
-41
-74
-106
-120
-130
-120
-105
-75
-40
-1
40
72
104
118
128
118
103
73
39
0
-42
-75
-106
-119
-129
-118
-104
-74
-40
-1
40
72
103
117
127
118
103
74
39
0
-41
-74
-105
-119
-129
-120
-105
-75
-40
