0
79
0
207
0
255
-1
207
-1
79
-1
-80
-1
-208
-1
-256
0
-208
0
-80
0
79
0
207
0
255
-1
207
-1
79
-1
-80
-1
-208
-1
-256
0
-208
0
-80
0
79
0
207
0
255
0
207
-1
79
0
-80
-1
-208
-1
-256
0
-208
0
-80
0
79
0
207
0
255
0
207
-1
79
-1
-80
-1
-208
-1
-256
0
-208
0
-80
0
79
0
207
0
255
-1
207
-1
79
-1
-80
0
-208
0
-256
0
-208
-1
-80
-1
79
0
207
-1
255
-1
207
-1
79
-1
-80
-1
-208
-1
-256
-1
-208
-1
-80
0
79
-1
207
0
255
0
207
0
79
-1
-80
0
-208
0
-256
0
-208
-1
-80
0
79
0
207
0
255
-1
207
-1
79
0
-80
-1
-208
-1
-256
-1
-208
0
-80
0
79
-1
207
0
255
0
207
0
79
-1
-80
-1
-208
0
-256
0
-208
0
-80
0
79
0
207
-1
255
-1
207
0
79
0
-80
-1
-208
0
-256
-1
-208
0
-80
-1
