0
16
38
69
103
118
128
118
103
73
39
0
-41
-74
-105
-119
-129
-119
-104
-74
-40
-1
40
73
104
118
128
118
103
73
39
0
-41
-74
-105
-119
-129
-119
-104
-74
-40
-1
40
73
104
118
128
118
103
73
39
0
-41
-74
-105
-119
-129
-119
-104
-74
-40
-1
40
73
104
118
128
118
103
73
39
0
-41
-74
-105
-119
-129
-119
-104
-74
-40
-1
40
73
104
118
128
118
103
73
39
0
-41
-74
-105
-119
-129
-119
-104
-74
-40
-1
40
73
104
118
128
118
103
73
39
0
-41
-74
-105
-119
-129
-119
-104
-74
-40
-1
40
73
104
118
128
118
103
73
39
0
-41
-74
-105
-119
-129
-119
-104
-74
-40
-1
40
73
104
118
128
118
103
73
39
0
-41
-74
-105
-119
-129
-119
-104
-74
-40
-1
40
73
104
118
128
118
103
73
39
0
-41
-74
-105
-119
-129
-119
-104
-74
-40
-1
40
73
104
118
128
118
103
73
39
0
-41
-74
-105
-119
-129
-119
-104
-74
-40
